 1002.0    137   24.0    9.0     38   7.24    175      4  297.0  318.4  298.3
 1000.0    156   23.6    4.6     29   5.34    180      4  296.8  312.8  297.7
  999.0    165   23.4    3.4     27   4.91    181      4  296.6  311.4  297.5
  984.0    296   21.2    4.2     33   5.28    194      7  295.7  311.5  296.6
  983.0    305   21.1    4.1     33   5.26    195      7  295.7  311.4  296.6
  960.0    508   18.6    2.6     34   4.83    188     14  295.2  309.6  296.0
  951.0    589   19.8   -7.2     15   2.35    186     16  297.2  304.6  297.6
  948.7    610   19.8   -7.8     15   2.24    185     17  297.4  304.4  297.8
  925.0    827   19.6  -14.4      9   1.36    185     13  299.3  303.8  299.6
  915.7    914   19.5  -13.2     10   1.52    170      9  300.1  305.0  300.4
  911.0    958   19.4  -12.6     10   1.60    169     10  300.4  305.6  300.7
  883.4   1219   17.4  -12.0     12   1.74    165     14  301.0  306.6  301.3
  852.3   1524   15.0  -11.2     15   1.91    140     13  301.6  307.8  301.9
  850.0   1547   14.8  -11.2     16   1.92    140     13  301.6  307.8  302.0
  821.7   1829   12.1  -11.7     18   1.92    135     13  301.7  307.9  302.1
  792.2   2134    9.2  -12.1     21   1.91    130     11  301.8  308.0  302.2
  776.0   2306    7.6  -12.4     23   1.91    110     12  301.9  308.0  302.2
  763.6   2438    6.8  -13.2     22   1.82     95     13  302.4  308.3  302.7
  757.0   2510    6.4  -13.6     22   1.78     76     11  302.7  308.5  303.0
  745.0   2640    6.6  -24.4      9   0.72     42      8  304.3  306.8  304.4
  735.7   2743    6.3  -22.2     11   0.88     15      6  305.0  308.0  305.2
  734.0   2762    6.2  -21.8     11   0.92     12      6  305.2  308.3  305.3
  700.0   3148    3.0  -28.0      8   0.55    315      9  305.8  307.7  305.9
  656.9   3658   -0.7  -28.1     10   0.58    275      4  307.2  309.3  307.4
  652.0   3718   -1.1  -28.1     11   0.58    269      5  307.4  309.5  307.5
  635.0   3928   -3.1  -23.1     20   0.94    249      7  307.5  310.7  307.6
  607.7   4267   -6.3  -23.7     24   0.93    215     10  307.6  310.8  307.8
  561.5   4877  -12.2  -24.8     34   0.91    230      6  307.8  310.9  307.9
  539.7   5182  -15.1  -25.4     41   0.90    250      8  307.8  310.9  308.0
  528.0   5351  -16.7  -25.7     46   0.90    236     16  307.8  310.9  307.9
  518.6   5486  -16.9  -22.9     60   1.18    225     23  309.1  313.2  309.4
  508.0   5641  -17.1  -19.7     80   1.59    228     28  310.7  316.1  311.0
  500.0   5760  -17.1  -19.0     85   1.71    230     31  312.1  317.9  312.4
  495.0   5836  -17.5  -19.4     85   1.67    231     32  312.5  318.2  312.9
  490.0   5912  -17.9  -20.9     77   1.48    232     34  312.9  318.0  313.2
  478.1   6096  -19.1  -22.4     75   1.33    235     37  313.6  318.2  313.9
  469.0   6239  -20.1  -23.6     74   1.22    236     38  314.2  318.4  314.4
  452.0   6512  -22.5  -24.8     81   1.14    238     40  314.5  318.5  314.7
  440.0   6710  -23.9  -27.7     71   0.90    240     41  315.1  318.3  315.3
  420.0   7049  -26.7  -28.7     83   0.86    242     43  315.8  318.8  315.9
  410.0   7223  -27.9  -31.7     70   0.66    244     44  316.4  318.8  316.5
  400.0   7400  -29.3  -32.5     74   0.63    245     45  316.8  319.1  316.9
  387.8   7620  -31.1  -34.0     76   0.56    245     50  317.3  319.3  317.4
  384.0   7689  -31.7  -34.4     77   0.54    245     50  317.4  319.4  317.5
  371.3   7925  -33.4  -39.8     52   0.33    245     50  318.2  319.5  318.3
  366.0   8026  -34.1  -42.1     44   0.26    245     53  318.6  319.6  318.6
  346.0   8415  -37.5  -47.5     34   0.15    247     62  319.1  319.7  319.1
  336.0   8616  -37.9  -56.9     12   0.05    248     67  321.3  321.5  321.3
  330.0   8740  -38.3  -55.3     15   0.06    248     71  322.4  322.6  322.4
  320.0   8951  -38.5  -65.5      4   0.02    249     76  324.9  325.0  324.9
  311.1   9144  -39.8  -65.6      5   0.02    250     81  325.8  325.9  325.8
  305.0   9278  -40.7  -65.7      5   0.02    250     85  326.3  326.4  326.4
  300.0   9390  -41.1  -64.1      7   0.02    250     88  327.3  327.4  327.3
  292.0   9574  -41.5  -65.5      6   0.02    250     92  329.3  329.4  329.3
  279.0   9883  -43.5  -66.5      6   0.02    250     99  330.7  330.8  330.7
  268.0  10154  -43.7  -68.7      5   0.01    250    105  334.3  334.3  334.3
  254.0  10514  -45.5  -69.0      5   0.01    250    113  336.7  336.7  336.7
  250.0  10620  -46.1  -69.1      6   0.01    250    111  337.4  337.5  337.4
  248.2  10668  -46.5  -69.5      6   0.01    250    113  337.6  337.6  337.6
  247.0  10700  -46.7  -69.7      6   0.01    251    111  337.7  337.7  337.7
  242.0  10835  -47.1  -71.1      5   0.01    253    103  339.0  339.1  339.1
  239.0  10918  -46.3  -74.3      3   0.01    254     97  341.5  341.5  341.5
  237.0  10973  -46.5  -74.6      3   0.01    255     94  341.9  342.0  341.9
  217.0  11555  -48.9  -77.9      2   0.00    255     91  347.0  347.0  347.0
  212.0  11708  -48.1  -78.1      2   0.00    255     91  350.6  350.6  350.6
  206.0  11897  -48.7  -79.7      2   0.00    255     90  352.5  352.5  352.5
  200.0  12090  -49.9  -79.9      2   0.00    255     89  353.6  353.6  353.6
  192.0  12355  -51.5  -80.5      2   0.00    262     87  355.2  355.2  355.2
  187.8  12497  -51.9  -81.2      2   0.00    265     86  356.8  356.8  356.8
  176.0  12917  -53.1  -83.1      1   0.00    262     76  361.5  361.5  361.5
  155.2  13716  -58.2  -85.7      2   0.00    255     58  366.1  366.1  366.1
  151.0  13888  -59.3  -86.3      2   0.00    259     59  367.0  367.0  367.0
  150.0  13930  -59.3  -86.3      2   0.00    260     59  367.7  367.7  367.7
  127.0  14966  -62.9  -88.9      2   0.00    260     53  379.1  379.1  379.1
  121.4  15240  -64.3  -89.3      2   0.00    260     51  381.5  381.5  381.5
  116.0  15521  -65.7  -89.7      2   0.00    260     52  383.9  383.9  383.9
  112.0  15734  -65.5  -89.5      2   0.00    260     54  388.1  388.1  388.1
  104.0  16184  -67.7  -90.7      3   0.00    260     56  392.2  392.2  392.2
  102.0  16301  -67.9  -90.9      2   0.00    262     57  394.0  394.1  394.0
  100.0  16420  -67.1  -90.1      3   0.00    265     59  397.8  397.8  397.8
   96.1  16659  -67.5  -90.5      3   0.00    268     54  401.6  401.6  401.6
   91.6  16949  -65.5  -89.5      2   0.00    271     48  411.1  411.1  411.1
   88.5  17157  -67.1  -90.1      3   0.00    273     44  411.9  412.0  411.9
   84.1  17464  -66.9  -89.9      3   0.00    276     38  418.4  418.4  418.4
   82.9  17551  -65.5  -89.5      2   0.00    277     36  423.0  423.0  423.0
   75.0  18161  -64.3  -89.3      2   0.00    284     24  437.8  437.8  437.8
   73.4  18288  -64.8  -89.8      2   0.00    285     21  439.4  439.4  439.4
   70.0  18580  -65.9  -90.9      2   0.00    280     13  443.1  443.1  443.1
   69.8  18593  -66.0  -90.9      2   0.00    270     16  443.1  443.2  443.1
   67.0  18845  -67.7  -91.7      2   0.00    270     18  444.8  444.8  444.8
   63.2  19202  -66.9  -90.9      2   0.00    270     20  454.0  454.1  454.0
   60.0  19507  -66.2  -90.2      2   0.00    285     25  462.1  462.1  462.1
   58.5  19665  -65.9  -89.9      2   0.00    284     22  466.4  466.4  466.4
   55.9  19943  -62.9  -88.9      2   0.00    281     18  479.3  479.3  479.3
   54.4  20117  -63.0  -89.0      2   0.00    280     15  483.0  483.0  483.0
   51.7  20422  -63.2  -89.2      2   0.00    315     10  489.4  489.4  489.4
   50.0  20630  -63.3  -89.3      2   0.00    245      7  493.9  493.9  493.9
   46.9  21031  -62.7  -89.7      2   0.00    220     10  504.6  504.6  504.6
   46.8  21037  -62.7  -89.7      2   0.00    221     10  504.8  504.8  504.8
   44.6  21336  -61.1  -88.6      2   0.00    260     14  515.6  515.6  515.6
   42.5  21641  -59.5  -87.5      2   0.00    295     19  526.8  526.9  526.8
   42.2  21680  -59.3  -87.3      2   0.00    298     18  528.3  528.3  528.3
   40.4  21946  -59.3  -87.3      2   0.00    320     15  534.6  534.7  534.6
   38.5  22250  -59.4  -87.4      2   0.01    330     12  542.0  542.0  542.0
   36.7  22555  -59.4  -87.4      2   0.01      0     12  549.5  549.5  549.5
   35.0  22860  -59.5  -87.5      2   0.01    125      2  557.1  557.1  557.1
   33.9  23051  -59.5  -87.5      2   0.01    141      3  561.9  561.9  561.9
   30.0  23820  -57.3  -86.3      1   0.01    205      8  587.8  587.9  587.8
   29.1  24013  -56.9  -85.9      1   0.01    217     11  594.1  594.2  594.1
   27.4  24384  -57.9  -86.9      1   0.01    240     16  601.2  601.3  601.2
   27.2  24440  -58.1  -87.1      1   0.01    243     17  602.3  602.4  602.3
   25.2  24925  -54.9  -84.9      1   0.01    271     21  624.7  624.9  624.7
   24.9  24994  -55.1  -85.1      1   0.01    275     22  626.0  626.2  626.1
   23.5  25370  -56.3  -86.3      1   0.01    263     20  633.2  633.3  633.2
   21.2  26027  -54.7  -84.7      1   0.01    241     18  657.0  657.1  657.0
   20.6  26213  -54.9  -84.9      1   0.01    235     17  661.8  662.0  661.8
   20.0  26400  -55.1  -85.1      1   0.01    235     17  666.8  666.9  666.8
   19.7  26496  -55.5  -85.5      1   0.01                668.4  668.6  668.4

