1002.0    137   15.2   11.6     79   8.63    270      4  288.2  312.6  289.7
 1001.0    144   15.0    9.0     67   7.24    270      4  288.1  308.7  289.3
 1000.0    150   14.8    8.8     67   7.15    270      4  287.9  308.3  289.2
  999.0    158   14.6    7.6     63   6.59    269      4  287.8  306.6  289.0
  981.8    305   12.8    7.4     70   6.62    260      4  287.5  306.3  288.6
  974.0    372   12.0    7.3     73   6.63    265      4  287.3  306.2  288.4
  946.5    610    9.8    7.0     83   6.67    285      5  287.4  306.3  288.5
  940.0    668    9.2    6.9     86   6.68    273      6  287.4  306.4  288.5
  925.0    801    7.8    5.3     84   6.07    245      8  287.3  304.6  288.3
  915.0    891    7.2    4.9     85   5.97    241      9  287.6  304.6  288.6
  912.4    914    6.8    5.4     91   6.21    240      9  287.4  305.1  288.5
  911.0    927    6.6    5.7     94   6.34    240      9  287.3  305.4  288.4
  904.0    990    6.0    4.6     91   5.91    240      9  287.3  304.2  288.3
  879.0   1219    4.5    2.4     86   5.21    240     10  288.1  303.2  289.0
  873.0   1275    4.2    1.9     85   5.05    238     10  288.3  302.9  289.2
  850.0   1492    3.2   -3.8     60   3.41    230     12  289.5  299.6  290.1
  845.0   1540    2.8   -4.2     60   3.33    234     13  289.6  299.4  290.1
  821.0   1772    1.4   -3.6     69   3.59    255     16  290.5  301.1  291.1
  815.2   1829    1.1   -4.6     66   3.35    260     17  290.8  300.8  291.3
  805.0   1931    0.6   -6.4     59   2.96    265     17  291.2  300.2  291.8
  784.7   2134   -1.0   -7.0     64   2.88    275     18  291.6  300.4  292.1
  755.2   2438   -3.5   -8.0     71   2.78    265     21  292.2  300.6  292.7
  741.0   2589   -4.7   -8.5     75   2.73    263     23  292.4  300.8  292.9
  726.6   2743   -5.9  -11.2     66   2.24    260     25  292.8  299.7  293.1
  720.0   2815   -6.5  -12.5     62   2.04    260     25  292.9  299.2  293.2
  708.0   2946   -6.5  -18.5     38   1.26    260     26  294.3  298.4  294.5
  700.0   3035   -6.9  -21.9     29   0.95    260     26  294.8  297.9  295.0
  698.8   3048   -7.0  -22.2     29   0.93    260     26  294.9  297.9  295.1
  695.0   3091   -7.1  -23.1     27   0.86    260     25  295.2  298.0  295.4
  671.0   3364   -8.9  -26.9     22   0.63    260     21  296.2  298.3  296.3
  645.8   3658  -11.5  -28.0     24   0.60    260     17  296.5  298.5  296.6
  621.0   3958  -14.1  -29.1     27   0.56    255     21  296.8  298.7  296.9
  618.0   3995  -14.3  -27.3     32   0.66    255     21  297.0  299.2  297.1
  612.0   4069  -15.1  -20.1     66   1.27    253     22  296.9  301.0  297.1
  606.0   4143  -15.5  -19.8     70   1.32    252     23  297.3  301.6  297.5
  601.0   4206  -16.1  -20.4     69   1.26    251     24  297.3  301.4  297.5
  596.1   4267  -16.4  -22.2     61   1.09    250     25  297.7  301.3  297.9
  586.0   4396  -16.9  -25.9     46   0.80    249     26  298.5  301.2  298.7
  561.0   4722  -18.7  -35.7     21   0.33    246     28  300.1  301.3  300.2
  549.4   4877  -19.7  -33.8     28   0.40    245     29  300.7  302.1  300.8
  530.0   5143  -21.5  -30.5     44   0.57    245     26  301.7  303.7  301.8
  512.0   5397  -23.7  -32.7     43   0.48    245     22  302.0  303.7  302.1
  505.8   5486  -24.5  -35.1     37   0.39    245     21  302.1  303.4  302.1
  500.0   5570  -25.3  -37.3     32   0.31    245     21  302.1  303.2  302.2
  494.0   5658  -24.1  -47.1     10   0.11    247     23  304.6  305.1  304.7
  488.0   5747  -23.9  -53.9      5   0.05    248     26  306.0  306.2  306.0
  468.0   6051  -24.5  -59.5      2   0.03    254     34  308.9  309.0  308.9
  465.1   6096  -24.3  -60.4      2   0.02    255     35  309.6  309.8  309.6
  454.0   6272  -23.7  -63.7      1   0.02    251     43  312.6  312.6  312.6
  431.0   6650  -23.9  -65.9      1   0.01    243     60  317.0  317.1  317.0
  415.0   6924  -25.7  -67.7      1   0.01    237     73  318.1  318.2  318.1
  410.1   7010  -26.0  -67.6      1   0.01    235     77  318.9  318.9  318.9
  400.0   7190  -26.5  -67.5      1   0.01    240     78  320.5  320.5  320.5
  384.0   7485  -26.7  -67.7      1   0.01    237     85  324.0  324.0  324.0
  376.9   7620  -27.3  -66.8      1   0.01    235     88  324.9  325.0  324.9
  365.0   7851  -28.3  -65.3      2   0.02    239     91  326.6  326.6  326.6
  361.2   7925  -28.7  -65.5      2   0.02    240     92  327.0  327.0  327.0
  356.0   8028  -29.3  -65.7      2   0.02    240     92  327.5  327.6  327.5
  336.0   8441  -31.7  -66.7      2   0.01    240     82  329.7  329.8  329.7
  321.0   8764  -31.7  -69.7      1   0.01    240     74  334.1  334.1  334.1
  317.6   8839  -32.2  -69.8      1   0.01    240     72  334.4  334.4  334.4
  307.0   9078  -33.9  -69.9      1   0.01    236     77  335.3  335.3  335.3
  304.1   9144  -33.6  -70.3      1   0.01    235     79  336.6  336.6  336.6
  303.0   9170  -33.5  -70.5      1   0.01    234     79  337.1  337.1  337.1
  300.0   9240  -34.1  -72.1      1   0.01    230     80  337.2  337.2  337.2
  278.6   9754  -37.4  -73.6      1   0.01    235     87  339.7  339.8  339.7
  264.0  10126  -39.7  -74.7      1   0.01    235     86  341.6  341.6  341.6
  254.0  10391  -39.1  -73.1      2   0.01    235     84  346.2  346.3  346.2
  250.0  10500  -39.9  -73.9      1   0.01    235     84  346.6  346.6  346.6
  246.0  10610  -40.7  -74.7      1   0.01    235     84  347.0  347.1  347.0
  237.0  10863  -41.3  -75.3      1   0.01    235     84  349.8  349.9  349.8
  221.0  11333  -45.5  -78.5      1   0.00    235     84  350.4  350.4  350.4
  215.0  11517  -44.3  -78.3      1   0.00    235     84  355.0  355.1  355.1
  212.9  11582  -44.7  -78.7      1   0.00    235     84  355.5  355.5  355.5
  207.0  11770  -45.7  -79.7      1   0.00    233     81  356.7  356.7  356.7
  204.0  11867  -43.9  -78.9      1   0.00    232     79  361.0  361.1  361.0
  200.0  12000  -43.7  -78.7      1   0.00    230     77  363.4  363.4  363.4
  197.0  12102  -43.3  -78.3      1   0.00    231     75  365.6  365.6  365.6
  189.0  12380  -45.7  -79.7      1   0.00    233     70  366.1  366.1  366.1
  181.0  12668  -46.5  -80.5      1   0.00    236     65  369.4  369.4  369.4
  170.0  13081  -50.1  -82.1      1   0.00    240     57  370.1  370.1  370.1
  169.3  13106  -50.3  -82.2      1   0.00    240     57  370.2  370.2  370.2
  151.0  13848  -54.9  -84.9      1   0.00    235     69  374.6  374.6  374.6
  150.0  13890  -55.1  -85.1      1   0.00    235     70  374.9  374.9  374.9
  146.9  14021  -55.4  -85.2      1   0.00    240     70  376.6  376.6  376.6
  140.0  14326  -56.1  -85.3      1   0.00    230     51  380.6  380.6  380.6
  138.0  14419  -56.3  -85.3      1   0.00    231     50  381.9  381.9  381.9
  135.0  14559  -53.9  -83.9      1   0.00    231     49  388.5  388.5  388.5
  134.0  14607  -53.5  -84.5      1   0.00    232     49  390.1  390.1  390.1
  126.0  14998  -56.9  -85.9      1   0.00    234     47  390.8  390.9  390.8
  121.3  15240  -57.7  -85.9      2   0.00    235     45  393.7  393.7  393.7
  120.0  15306  -57.9  -85.9      2   0.00    235     47  394.5  394.5  394.5
  110.0  15846  -62.5  -88.5      2   0.00    232     62  395.8  395.8  395.8
  103.0  16249  -64.1  -89.1      2   0.00    230     73  400.2  400.2  400.2
  100.0  16430  -62.9  -87.9      2   0.00    235     75  405.9  405.9  405.9
   94.7  16764  -62.6  -88.1      2   0.00    235     57  412.8  412.8  412.8
   89.1  17141  -62.3  -88.3      2   0.00    235     59  420.7  420.8  420.7
   87.8  17232  -60.5  -87.5      2   0.00    235     60  426.1  426.1  426.1
   81.7  17678  -64.1  -89.7      2   0.00    235     62  427.7  427.7  427.7
   79.0  17881  -65.7  -90.7      2   0.00    242     61  428.4  428.4  428.4
   74.6  18229  -65.7  -89.7      2   0.00    253     59  435.5  435.5  435.5
   73.9  18288  -65.4  -89.4      2   0.00    255     59  437.4  437.4  437.4
   72.9  18369  -64.9  -88.9      2   0.00    250     52  440.1  440.1  440.1
   72.2  18428  -61.3  -87.3      2   0.00    246     47  448.9  448.9  448.9
   71.5  18489  -61.1  -87.1      2   0.00    243     43  450.6  450.6  450.6
   70.0  18620  -62.1  -88.1      2   0.00    235     32  451.2  451.2  451.2
   66.9  18898  -63.9  -89.3      2   0.00    235     23  453.2  453.2  453.2
   63.6  19202  -65.9  -90.5      2   0.00    170      7  455.3  455.3  455.3
   60.8  19479  -67.7  -91.7      2   0.00    189      8  457.3  457.3  457.3
   58.7  19692  -66.3  -90.3      2   0.00    203      8  465.0  465.0  465.0
   52.8  20330  -68.1  -91.1      2   0.00    247      9  475.1  475.1  475.1
   50.0  20660  -65.1  -89.1      2   0.00    270     10  489.7  489.7  489.7
   49.5  20726  -64.5  -88.8      2   0.00    245     11  492.5  492.6  492.5
   47.1  21031  -61.8  -87.6      2   0.00    190      4  506.0  506.1  506.0
   46.8  21067  -61.5  -87.5      2   0.00    195      4  507.6  507.7  507.6
   44.8  21336  -62.9  -88.9      2   0.00    235      5  510.6  510.7  510.6
   43.1  21575  -64.1  -90.1      2   0.00    282     14  513.3  513.4  513.3
   42.6  21641  -63.9  -89.9      2   0.00    295     17  515.3  515.3  515.3
   40.6  21946  -63.2  -89.2      2   0.00    315     15  524.5  524.5  524.5
   40.3  21988  -63.1  -89.1      2   0.00    309     14  525.8  525.8  525.8
   36.8  22555  -59.4  -87.3      2   0.01    225      1  549.1  549.2  549.1
   36.5  22604  -59.1  -87.1      2   0.01    213      2  551.2  551.2  551.2
   35.2  22831  -60.3  -88.3      1   0.00    155      6  553.8  553.8  553.8
   33.4  23165  -60.1  -88.1      1   0.01     70     13  562.9  562.9  562.9
   30.0  23830  -59.7  -87.7      1   0.01    150      6  581.3  581.4  581.3
   28.8  24079  -59.4  -87.4      2   0.01      0      0  588.7  588.8  588.7
   28.3  24194  -59.3  -87.3      2   0.01    347      2  592.2  592.2  592.2
   27.5  24384  -58.7  -87.0      1   0.01    325      5  599.1  599.2  599.1
   25.5  24849  -57.1  -86.1      1   0.01    330      6  616.4  616.4  616.4
   21.0  26072  -57.9  -85.9      2   0.01    342      8  649.1  649.2  649.1
   20.0  26380  -57.1  -86.1      1   0.01    345      9  660.6  660.8  660.7
   19.6  26518  -56.8  -85.9      1   0.01     15     12  665.7  665.8  665.7
   17.0  27432  -54.8  -84.5      1   0.02    110      8  700.0  700.2  700.0
   15.7  27923  -53.7  -83.7      1   0.02    110      6  719.1  719.4  719.1
   13.7  28798  -53.5  -83.5      1   0.03    110      4  748.3  748.6  748.4
   12.5  29391  -51.1  -82.1      1   0.04    110      2  776.6  777.0  776.6
   12.2  29566  -51.6  -82.7      1   0.04    110      1  780.7  781.1  780.7
   11.9  29710  -52.1  -83.1      1   0.03    136      5  784.0  784.4  784.0
   10.7  30404  -47.9  -80.9      1   0.05    261     27  823.6  824.2  823.6
   10.6  30480  -48.0  -81.0      1   0.05    275     29  826.0  826.7  826.0
   10.1  30785  -48.2  -81.2      1   0.05    290     21  836.0  836.7  836.0
   10.0  30850  -48.3  -81.3      1   0.05    285     19  838.1  838.8  838.2
    9.7  31090  -46.9  -80.4      1   0.06    250     24  852.1  852.9  852.1
    9.2  31394  -45.1  -79.3      1   0.08    255     36  870.0  871.1  870.1
    8.8  31699  -43.4  -78.2      1   0.10    275     25  888.3  889.7  888.4
    8.7  31778  -42.9  -77.9      1   0.11    275     26  893.1  894.5  893.2
    7.7  32614  -41.4  -77.3      1   0.13    275     37  931.1  932.9  931.2
    7.6  32692  -41.3  -77.3      1   0.13                934.7  936.6  934.8
