  999.0    137   19.4   14.4     73  10.42    190      8  292.6  322.5  294.5
  980.0    302   16.4    9.4     63   7.61    190      8  291.2  313.1  292.6
  979.6    305   16.4    9.4     63   7.59    190      8  291.2  313.1  292.6
  969.0    398   15.6    8.6     63   7.28    190     11  291.4  312.4  292.6
  961.0    469   17.0   -1.0     29   3.72    190     13  293.5  304.6  294.1
  958.0    495   17.4   -1.6     27   3.57    190     14  294.1  304.9  294.8
  953.0    540   17.2    3.2     39   5.08    190     15  294.4  309.5  295.3
  945.2    610   17.6    0.0     31   4.08    190     17  295.4  307.7  296.1
  931.0    740   18.2   -5.8     19   2.68    186     17  297.4  305.7  297.9
  925.0    795   18.2   -4.8     21   2.91    185     17  297.9  306.9  298.4
  920.0    841   17.8   -6.2     19   2.63    183     17  298.0  306.2  298.4
  912.1    914   17.2   -6.2     20   2.64    180     17  298.1  306.4  298.6
  879.8   1219   14.8   -6.4     23   2.70    170     16  298.6  307.1  299.1
  850.0   1511   12.4   -6.6     26   2.76    175     22  299.1  307.8  299.6
  839.0   1620   12.0   -6.0     28   2.92    170     22  299.8  309.0  300.4
  818.2   1829   11.0  -16.9     13   1.25    160     23  300.9  305.1  301.1
  818.0   1832   11.0  -17.0     12   1.24    160     23  300.9  305.0  301.2
  813.0   1883   10.8  -14.2     16   1.58    162     22  301.2  306.4  301.5
  788.7   2134    8.7  -13.7     19   1.69    170     20  301.6  307.1  302.0
  776.0   2268    7.6  -13.4     21   1.76    179     21  301.9  307.6  302.2
  763.0   2407    6.4   -5.6     42   3.32    188     23  302.0  312.4  302.6
  760.1   2438    6.2   -2.9     52   4.07    190     23  302.1  314.7  302.8
  758.0   2461    6.0   -1.0     61   4.71    190     23  302.1  316.6  303.0
  753.0   2515    5.4   -0.6     65   4.89    189     24  302.1  317.1  303.0
  732.2   2743    3.3   -1.0     73   4.88    185     27  302.2  317.2  303.1
  723.0   2846    2.4   -1.2     77   4.87    185     26  302.3  317.3  303.2
  700.0   3106    0.0   -3.1     80   4.37    185     25  302.4  316.0  303.2
  678.0   3361   -2.3   -5.2     80   3.85    187     25  302.7  314.6  303.4
  662.0   3551   -3.3  -12.3     50   2.26    189     26  303.6  310.9  304.0
  654.0   3648   -2.9  -24.9     17   0.78    190     26  305.1  307.8  305.3
  653.1   3658   -2.9  -25.4     16   0.75    190     26  305.2  307.8  305.4
  630.0   3944   -3.1  -38.1      5   0.23    199     31  308.2  309.0  308.2
  604.7   4267   -5.7  -29.3     14   0.56    210     36  308.8  310.8  308.9
  599.0   4342   -6.3  -27.3     17   0.68    211     38  308.9  311.3  309.1
  581.5   4572   -7.8  -30.9     14   0.50    215     44  309.8  311.6  309.9
  559.1   4877   -9.8  -35.6     10   0.33    215     45  310.9  312.2  311.0
  558.0   4893   -9.9  -35.9     10   0.32    215     45  311.0  312.2  311.1
  511.0   5566  -15.3  -36.3     15   0.34    215     55  312.4  313.6  312.4
  500.0   5730  -16.3  -38.3     13   0.28    215     57  313.1  314.2  313.2
  477.0   6082  -17.9  -43.9      8   0.16    220     62  315.4  316.0  315.4
  476.1   6096  -18.0  -43.8      9   0.17    220     62  315.4  316.1  315.4
  452.0   6482  -20.7  -39.7     17   0.27    221     65  316.7  317.8  316.8
  400.0   7370  -27.9  -47.9     13   0.13    225     72  318.6  319.1  318.7
  386.2   7620  -30.0  -49.1     14   0.11    225     76  319.1  319.5  319.1
  372.0   7887  -32.3  -50.3     15   0.10    221     79  319.5  319.9  319.5
  370.0   7925  -32.5  -51.1     14   0.09    220     80  319.6  320.0  319.7
  353.0   8255  -34.7  -57.7      8   0.04    222     85  321.1  321.3  321.1
  348.0   8355  -34.7  -59.7      6   0.04    222     87  322.4  322.5  322.4
  332.0   8682  -37.5  -60.5      7   0.03    224     92  322.9  323.1  322.9
  324.5   8839  -37.7  -59.1      9   0.04    225     94  324.7  324.9  324.7
  310.4   9144  -38.2  -56.5     13   0.06    235    118  328.2  328.5  328.2
  300.0   9380  -38.5  -54.5     17   0.08    235    132  331.0  331.3  331.0
  297.0   9449  -38.6  -54.0     18   0.08    235    142  331.8  332.1  331.8
  290.0   9612  -38.9  -52.9     21   0.10    232    144  333.6  334.1  333.7
  287.0   9682  -39.3  -54.3     19   0.08    231    145  334.1  334.4  334.1
  278.0   9899  -41.1  -51.1     33   0.13    228    148  334.5  335.1  334.6
  273.0  10021  -41.7  -52.7     29   0.11    226    150  335.4  335.9  335.4
  271.5  10058  -41.9  -52.0     33   0.12    225    150  335.6  336.1  335.6
  266.0  10196  -42.8  -49.4     48   0.16    225    150  336.4  337.0  336.4
  265.0  10221  -42.9  -48.9     52   0.17    225    150  336.5  337.2  336.5
  251.0  10584  -45.1  -51.1     51   0.14    225    150  338.5  339.1  338.5
  250.0  10610  -45.5  -51.5     51   0.13    225    150  338.3  338.9  338.3
  228.0  11218  -51.1  -55.3     61   0.09    225    149  338.8  339.2  338.8
  215.5  11582  -54.6  -59.4     55   0.06    225    149  338.9  339.1  338.9
  213.0  11657  -55.3  -60.3     54   0.05    225    148  338.9  339.1  338.9
  202.0  11996  -55.5  -66.5     24   0.02    229    130  343.7  343.9  343.7
  200.0  12060  -55.3  -68.3     18   0.02    230    127  345.0  345.1  345.0
  194.0  12254  -53.9  -75.9      5   0.01    229    120  350.3  350.3  350.3
  189.0  12422  -54.3  -79.3      3   0.00    228    115  352.3  352.3  352.3
  185.0  12559  -53.1  -80.1      2   0.00    227    110  356.4  356.4  356.4
  181.0  12699  -53.5  -81.5      2   0.00    226    105  357.9  358.0  357.9
  178.1  12802  -53.2  -81.7      2   0.00    225    102  360.2  360.2  360.2
  176.0  12879  -52.9  -81.9      2   0.00    225    102  361.8  361.8  361.8
  172.0  13027  -53.7  -82.7      2   0.00    226    103  362.9  362.9  362.9
  159.0  13530  -54.5  -84.5      1   0.00    228    104  369.8  369.8  369.8
  150.0  13900  -56.5  -85.5      1   0.00    230    105  372.5  372.5  372.5
  139.0  14385  -54.9  -84.9      1   0.00    237    103  383.5  383.6  383.5
  133.7  14630  -56.0  -85.5      1   0.00    240    102  385.8  385.8  385.8
  128.0  14909  -57.3  -86.3      1   0.00    242     98  388.4  388.4  388.4
  121.4  15240  -60.0  -87.6      2   0.00    245     93  389.2  389.2  389.2
  119.0  15366  -61.1  -88.1      2   0.00    244     90  389.6  389.6  389.6
  114.0  15631  -62.5  -88.5      2   0.00    243     82  391.8  391.8  391.8
  107.0  16022  -62.9  -88.9      2   0.00    242     72  398.2  398.2  398.2
  105.0  16139  -61.5  -88.5      2   0.00    241     68  403.0  403.0  403.0
  100.0  16440  -62.9  -88.9      2   0.00    240     60  405.9  405.9  405.9
   92.2  16936  -65.3  -90.1      2   0.00    240     66  410.8  410.8  410.8
   90.2  17069  -65.9  -90.4      2   0.00    240     66  412.1  412.1  412.1
   87.2  17276  -66.9  -90.9      2   0.00    239     62  414.1  414.1  414.1
   80.2  17782  -67.1  -91.1      2   0.00    237     51  423.7  423.7  423.7
   73.7  18288  -69.5  -91.8      3   0.00    235     41  428.9  428.9  428.9
   72.8  18363  -69.9  -91.9      3   0.00    235     40  429.7  429.7  429.7
   70.5  18557  -65.5  -89.5      2   0.00    239     34  443.0  443.0  443.0
   70.0  18600  -65.3  -89.3      2   0.00    240     33  444.4  444.4  444.4
   67.5  18821  -66.3  -90.3      2   0.00    244     35  446.8  446.8  446.8
   66.7  18898  -65.5  -89.9      2   0.00    245     36  450.2  450.2  450.2
   63.8  19165  -62.7  -88.7      2   0.00    243     27  462.0  462.0  462.0
   60.3  19507  -64.4  -89.8      2   0.00    240     15  465.6  465.6  465.6
   58.2  19728  -65.5  -90.5      2   0.00    245     17  468.0  468.0  468.0
   54.6  20117  -63.1  -89.5      2   0.00    255     21  482.0  482.1  482.0
   53.2  20279  -62.1  -89.1      2   0.00    256     16  488.0  488.0  488.0
   51.1  20527  -64.1  -90.1      2   0.00    259      8  489.0  489.0  489.0
   50.0  20660  -63.7  -89.7      2   0.00    260      4  492.9  493.0  492.9
   49.5  20726  -63.8  -89.8      2   0.00    280      3  494.3  494.3  494.3
   45.8  21197  -64.3  -90.3      2   0.00    226      8  504.0  504.0  504.0
   44.8  21336  -62.4  -89.3      2   0.00    210     10  511.8  511.8  511.8
   44.6  21361  -62.1  -89.1      2   0.00    212     10  513.2  513.2  513.2
   42.6  21641  -61.4  -89.1      1   0.00    230     13  521.7  521.8  521.7
   42.0  21733  -61.1  -89.1      1   0.00    234     13  524.6  524.6  524.6
   38.7  22240  -62.3  -89.3      2   0.00    257     13  533.9  534.0  533.9
   35.3  22811  -59.7  -88.7      1   0.00    283     13  554.9  554.9  554.9
   35.0  22860  -59.7  -88.7      1   0.00    285     13  556.2  556.3  556.2
   31.8  23470  -59.2  -88.2      1   0.01     15     21  573.2  573.3  573.2
   30.0  23830  -58.9  -87.9      1   0.01    100      8  583.5  583.5  583.5
   28.8  24079  -58.9  -87.9      1   0.01      0      1  590.1  590.2  590.1
   27.5  24384  -58.9  -87.9      1   0.01    245      4  598.4  598.5  598.4
   26.8  24537  -58.9  -87.9      1   0.01    252      5  602.6  602.7  602.6
   23.0  25501  -56.1  -86.1      1   0.01    298     10  637.7  637.8  637.7
   20.0  26390  -55.5  -85.5      1   0.01    340     14  665.5  665.7  665.5
   19.7  26486  -55.3  -85.3      1   0.01    348     15  669.0  669.2  669.0
   18.7  26822  -56.2  -85.8      1   0.01     15     18  676.5  676.7  676.5
   17.0  27432  -57.7  -86.8      1   0.01     45     11  690.4  690.5  690.4
   16.8  27496  -57.9  -86.9      1   0.01     40     10  691.8  692.0  691.8
   15.4  28042  -54.5  -85.1      1   0.02      0      0  720.1  720.4  720.1
   15.1  28175  -53.7  -84.7      1   0.02    340      2  727.2  727.4  727.2
   13.7  28801  -52.7  -83.7      1   0.03    248      9  751.1  751.4  751.1
   13.4  28956  -53.0  -84.0      1   0.03    225     11  755.1  755.4  755.1
   12.8  29261  -53.7  -84.7      1   0.02    255     19  763.1  763.4  763.1
   12.4  29442  -54.1  -85.1      1   0.02    262     18  767.9  768.1  767.9
   11.6  29874  -50.1  -83.1      1   0.03    280     14  796.9  797.3  796.9
   11.6  29870  -50.1  -83.1      1   0.03    280     14  796.7  797.1  796.7
   10.6  30480  -51.8  -83.8      1   0.03    310     17  812.2  812.7  812.3
   10.5  30522  -51.9  -83.9      1   0.03    298     16  813.3  813.7  813.3
   10.1  30785  -49.2  -82.9      1   0.04    220     12  832.6  833.1  832.6
   10.0  30840  -48.7  -82.7      1   0.04    230     19  836.7  837.2  836.7
    9.8  30973  -48.1  -82.1      1   0.05    246     25  843.8  844.4  843.8
    9.6  31090  -47.7  -81.9      1   0.05    260     30  849.4  850.0  849.4
    9.2  31394  -46.8  -81.4      1   0.06    275     23  864.2  864.9  864.2
    8.8  31685  -45.9  -80.9      1   0.07                878.6  879.5  878.6
