 1002.0    137    9.8    5.4     74   5.64      0      0  282.8  298.6  283.8
 1001.0    145    9.8    4.8     71   5.41    283      1  282.9  298.1  283.8
 1000.0    153   11.2    4.2     62   5.20    205      1  284.4  299.1  285.2
  998.0    170   13.4    2.4     47   4.58    205      2  286.7  299.9  287.5
  995.0    195   14.6    0.6     38   4.03    205      4  288.2  300.0  288.9
  982.1    305   14.9   -1.7     32   3.45    205     10  289.5  299.7  290.1
  975.0    367   15.0   -3.0     29   3.16    202     10  290.2  299.7  290.8
  967.0    436   16.8   -9.2     16   1.98    199     11  292.7  298.9  293.1
  947.4    610   16.4  -11.2     14   1.72    190     12  294.0  299.4  294.3
  931.0    758   16.0  -13.0     12   1.52    190     11  295.1  300.0  295.4
  925.0    813   15.6  -13.4     12   1.48    190     11  295.2  300.0  295.5
  913.9    914   15.0  -13.7     12   1.45    195      9  295.6  300.3  295.9
  881.3   1219   13.1  -14.8     13   1.39    195     10  296.8  301.2  297.0
  850.0   1523   11.2  -15.8     13   1.32    195      7  297.9  302.2  298.1
  836.0   1661   10.4  -16.6     13   1.26    204      9  298.4  302.5  298.7
  819.2   1829    9.8  -19.5     11   1.00    215     11  299.6  302.9  299.8
  801.0   2016    9.2  -22.8      8   0.77    224     14  300.8  303.4  301.0
  794.0   2088    8.8  -14.2     18   1.61    228     15  301.2  306.4  301.4
  789.6   2134    8.5  -12.7     21   1.84    230     16  301.3  307.3  301.7
  782.0   2214    8.0  -10.0     27   2.30    230     15  301.6  308.9  302.0
  767.0   2373    7.2  -16.8     16   1.35    230     13  302.4  306.9  302.7
  761.0   2438    6.7  -12.0     25   2.02    230     12  302.5  309.0  302.9
  758.0   2470    6.4   -9.6     31   2.45    227     12  302.6  310.4  303.0
  733.0   2744    4.0   -9.0     38   2.65    205     12  302.9  311.3  303.4
  726.0   2822    3.6  -13.4     28   1.88    209     12  303.3  309.4  303.6
  714.0   2956    2.4   -7.6     48   3.04    215     12  303.4  313.0  303.9
  705.9   3048    1.5   -7.9     50   2.99    220     12  303.4  312.8  303.9
  700.0   3116    0.8   -8.2     51   2.96    220     12  303.3  312.7  303.9
  679.6   3353   -1.4   -7.8     62   3.15    215     12  303.4  313.4  304.0
  677.0   3383   -1.7   -7.7     64   3.18    212     12  303.4  313.5  304.0
  668.0   3489   -2.5   -8.5     63   3.03    202     12  303.7  313.3  304.3
  653.9   3658   -3.5  -13.7     45   2.04    185     11  304.5  311.1  304.9
  645.0   3767   -4.1  -17.1     36   1.56    174      9  305.0  310.1  305.2
  629.1   3962   -5.8  -18.1     37   1.46    155      6  305.2  310.1  305.5
  621.0   4064   -6.7  -18.7     38   1.42    158      7  305.3  310.0  305.6
  605.0   4267   -8.6  -16.6     52   1.73    165      9  305.4  311.1  305.7
  601.0   4318   -9.1  -16.1     57   1.82    172     10  305.4  311.4  305.7
  585.0   4526  -10.7  -17.7     56   1.64    201     13  305.9  311.3  306.2
  570.0   4725  -12.5  -17.4     67   1.72    229     17  306.1  311.7  306.4
  564.0   4806  -12.1  -17.1     66   1.78    240     18  307.5  313.4  307.8
  558.8   4877  -11.9  -22.6     41   1.12    250     19  308.5  312.4  308.7
  554.0   4943  -11.7  -27.7     25   0.71    254     20  309.5  312.0  309.6
  536.8   5182  -13.4  -32.1     19   0.48    270     24  310.3  312.1  310.4
  500.0   5720  -17.1  -42.1      9   0.19    250     38  312.1  312.9  312.2
  476.0   6086  -19.3  -47.3      6   0.11    250     45  313.8  314.3  313.9
  475.4   6096  -19.4  -47.4      6   0.11    250     45  313.9  314.3  313.9
  442.0   6632  -23.5  -52.5      5   0.07    250     45  315.2  315.5  315.2
  401.9   7315  -30.0  -50.4     12   0.09    250     46  315.5  315.9  315.5
  400.0   7350  -30.3  -50.3     12   0.10    250     45  315.5  315.9  315.5
  385.0   7620  -32.7  -50.6     15   0.10    250     49  315.8  316.2  315.8
  379.0   7732  -33.7  -50.7     16   0.10    251     52  315.9  316.3  316.0
  357.0   8149  -36.7  -55.7     12   0.06    253     63  317.4  317.6  317.4
  346.0   8366  -36.5  -60.5      7   0.03    255     69  320.5  320.6  320.5
  325.0   8800  -37.7  -62.7      6   0.03    258     81  324.6  324.7  324.6
  318.0   8950  -38.9  -62.9      6   0.03    259     85  325.0  325.1  325.0
  309.1   9144  -39.1  -64.1      5   0.02    260     90  327.3  327.4  327.3
  300.0   9350  -39.3  -65.3      5   0.02    255    111  329.9  329.9  329.9
  287.0   9652  -39.9  -65.9      5   0.02    255    127  333.2  333.3  333.2
  282.7   9754  -40.5  -66.3      5   0.02    255    133  333.7  333.8  333.7
  270.2  10058  -42.5  -67.4      5   0.02    255    139  335.3  335.4  335.3
  267.0  10139  -43.0  -67.7      5   0.02    255    139  335.7  335.8  335.7
  255.0  10448  -44.9  -68.9      5   0.01    258    136  337.3  337.3  337.3
  250.0  10580  -45.5  -69.5      5   0.01    260    135  338.3  338.4  338.3
  246.7  10668  -45.6  -70.1      5   0.01    260    136  339.4  339.5  339.4
  238.0  10909  -45.9  -71.9      4   0.01    259    128  342.5  342.5  342.5
  224.0  11312  -47.9  -75.9      3   0.01    258    114  345.4  345.4  345.4
  200.0  12060  -49.3  -80.3      1   0.00    255     89  354.5  354.6  354.5
  192.0  12326  -49.9  -81.9      1   0.00    255     80  357.7  357.8  357.7
  187.0  12497  -50.9  -81.8      1   0.00    255     74  358.8  358.9  358.8
  183.0  12638  -51.7  -81.7      2   0.00    256     75  359.8  359.8  359.8
  172.0  13038  -51.9  -82.9      1   0.00    257     78  365.9  365.9  365.9
  160.0  13501  -55.3  -85.3      1   0.00    259     81  367.8  367.8  367.8
  154.7  13716  -56.2  -85.7      1   0.00    260     83  369.7  369.7  369.7
  151.0  13868  -56.9  -85.9      1   0.00    264     77  371.1  371.1  371.1
  150.0  13910  -57.1  -85.1      2   0.00    265     75  371.5  371.5  371.5
  137.0  14478  -62.1  -88.1      2   0.00    265     59  372.4  372.4  372.4
  133.7  14630  -63.0  -88.2      2   0.00    265     55  373.5  373.5  373.5
  128.0  14897  -64.5  -88.5      2   0.00    255     61  375.4  375.4  375.4
  127.2  14935  -64.2  -88.4      2   0.00    255     61  376.5  376.5  376.5
  122.0  15192  -62.5  -87.5      2   0.00    263     64  384.2  384.2  384.2
  121.1  15240  -62.7  -87.7      2   0.00    265     65  384.7  384.7  384.7
  109.0  15884  -65.7  -89.7      2   0.00    262     59  390.8  390.8  390.8
  104.0  16170  -65.3  -89.3      2   0.00    261     56  396.8  396.8  396.8
  102.0  16289  -64.5  -89.5      2   0.00    261     55  400.6  400.6  400.6
  100.0  16410  -65.1  -89.1      2   0.00    260     54  401.7  401.7  401.7
   93.4  16827  -63.5  -88.5      2   0.00    261     49  412.7  412.8  412.8
   82.0  17620  -66.7  -90.7      2   0.00    263     41  421.9  421.9  421.9
   74.6  18193  -65.5  -89.5      2   0.00    265     34  435.9  435.9  435.9
   73.5  18288  -65.6  -89.6      2   0.00    265     33  437.7  437.7  437.7
   70.0  18580  -65.9  -89.9      2   0.00    280     29  443.1  443.1  443.1
   68.5  18711  -66.5  -90.5      2   0.00    276     28  444.5  444.5  444.5
   63.5  19171  -64.7  -89.7      2   0.00    261     25  458.2  458.2  458.2
   60.1  19507  -65.7  -90.3      2   0.00    250     22  463.4  463.4  463.4
   54.3  20117  -67.4  -91.4      2   0.00    265     23  473.0  473.0  473.0
   53.9  20164  -67.5  -91.5      2   0.00    267     24  473.7  473.7  473.7
   51.8  20405  -64.7  -89.7      2   0.00    274     27  485.7  485.7  485.7
   51.6  20422  -64.7  -89.7      2   0.00    275     27  486.0  486.0  486.0
   50.0  20620  -65.1  -90.1      2   0.00    305     24  489.7  489.7  489.7
   49.1  20726  -65.1  -90.1      2   0.00    305     23  492.1  492.1  492.1
   48.5  20805  -65.1  -90.1      2   0.00    306     22  493.9  493.9  493.9
   46.8  21031  -63.5  -89.5      2   0.00    310     20  502.9  502.9  502.9
   45.0  21265  -61.9  -88.9      2   0.00    295     13  512.4  512.4  512.4
   44.5  21336  -62.0  -89.2      2   0.00    290     11  513.9  513.9  513.9
   42.6  21603  -62.3  -90.3      1   0.00    272      9  519.5  519.5  519.5
   42.3  21641  -62.1  -90.2      1   0.00    270      9  520.8  520.9  520.8
   40.3  21946  -60.7  -89.3      1   0.00    255     17  531.7  531.7  531.7
   38.6  22215  -59.5  -88.5      1   0.00    266     20  541.4  541.5  541.4
   36.9  22496  -60.1  -89.1      1   0.00    278     22  546.9  546.9  546.9
   36.5  22555  -59.7  -89.0      1   0.00    280     23  549.5  549.5  549.5
   34.6  22900  -57.1  -88.1      1   0.00    308     13  564.9  564.9  564.9
   33.2  23165  -57.3  -88.0      1   0.01    330      6  571.2  571.3  571.2
   31.6  23470  -57.5  -87.8      1   0.01    325     10  578.6  578.7  578.6
   30.0  23800  -57.7  -87.7      1   0.01    300      7  586.8  586.8  586.8
   27.4  24384  -58.1  -88.1      1   0.01    245      7  601.3  601.4  601.3
   24.8  24994  -58.6  -88.6      1   0.01    240     12  616.9  616.9  616.9
   24.2  25154  -58.7  -88.7      1   0.01    247     13  621.0  621.1  621.0
   22.5  25603  -57.7  -88.1      1   0.01    265     16  636.6  636.7  636.6
   20.0  26360  -56.1  -87.1      1   0.01    250     20  663.7  663.8  663.7
   19.5  26518  -55.5  -86.5      1   0.01    245     20  670.4  670.5  670.4
   19.1  26653  -54.9  -85.9      1   0.01    249     23  676.2  676.4  676.2
   18.6  26822  -55.2  -86.2      1   0.01    255     26  680.4  680.5  680.4
   17.6  27174  -55.9  -86.9      1   0.01    246     20  689.0  689.2  689.0
   16.9  27432  -53.8  -85.7      1   0.02    240     15  703.7  703.9  703.7
   16.8  27471  -53.5  -85.5      1   0.02    243     15  706.0  706.1  706.0
   15.4  28042  -55.6  -86.8      1   0.01    280     13  717.2  717.3  717.2
   15.2  28110  -55.9  -86.9      1   0.01    274     13  718.5  718.7  718.5
   14.0  28651  -53.8  -85.6      1   0.02    230     17  743.0  743.2  743.0
   11.6  29870  -49.1  -82.8      1   0.04    270     29  800.9  801.3  800.9
   11.2  30084  -48.3  -82.3      1   0.04    270     26  811.5  812.0  811.5
   10.6  30480  -48.0  -82.5      1   0.04    270     21  826.7  827.2  826.7
   10.1  30785  -47.7  -82.7      1   0.04    230     14  838.6  839.2  838.6
   10.0  30830  -47.7  -82.7      1   0.04    235     14  840.4  840.9  840.4
    9.9  30896  -46.9  -81.9      1   0.05                845.8  846.4  845.8
