1000.0    137   12.6   12.6    100   9.24    175      6  285.8  311.5  287.3
  997.0    162   13.0   11.3     89   8.50    177      8  286.4  310.2  287.9
  988.0    239   12.6   11.0     90   8.41    184     13  286.7  310.4  288.2
  980.2    305   12.1   10.8     92   8.37    190     18  286.9  310.4  288.3
  951.0    558   10.2   10.1     99   8.22    190     17  287.4  310.6  288.9
  945.1    610    9.8    9.6     98   8.00    190     17  287.6  310.2  289.0
  925.0    789    8.6    7.9     95   7.27    185     17  288.1  308.8  289.4
  923.0    807    8.4    7.7     95   7.19    185     17  288.1  308.5  289.3
  911.1    914    8.1    6.2     88   6.55    185     18  288.8  307.5  289.9
  896.0   1052    7.6    4.2     79   5.80    180     18  289.7  306.5  290.7
  878.0   1219    6.3    3.0     79   5.44    175     19  290.1  305.9  291.0
  860.0   1389    5.0    1.8     80   5.09    181     19  290.4  305.3  291.3
  850.0   1484    3.8    2.0     88   5.23    185     19  290.1  305.3  291.0
  843.0   1551    3.2    2.7     97   5.54    183     19  290.2  306.3  291.1
  827.0   1707    2.4    2.0     97   5.37    179     20  290.9  306.6  291.9
  815.0   1825    2.0   -0.8     82   4.45    175     21  291.7  304.9  292.5
  814.6   1829    2.0   -1.1     80   4.37    175     21  291.8  304.7  292.5
  810.0   1875    2.2   -3.8     65   3.58    176     22  292.4  303.2  293.1
  805.0   1925    1.8   -4.2     64   3.50    177     22  292.5  303.0  293.1
  799.0   1985    2.4  -12.6     32   1.83    178     23  293.8  299.5  294.1
  795.0   2026    2.6  -15.4     25   1.46    178     24  294.4  299.1  294.7
  793.0   2046    2.8  -16.2     23   1.37    179     24  294.9  299.2  295.1
  788.0   2097    3.6  -10.4     35   2.21    179     25  296.2  303.2  296.6
  784.4   2134    3.2   -5.4     53   3.27    180     25  296.2  306.3  296.8
  784.0   2138    3.2   -4.8     56   3.43    180     25  296.2  306.7  296.9
  773.0   2253    2.0   -0.4     84   4.83    182     25  296.1  310.6  297.0
  765.0   2337    1.2   -0.5     88   4.85    183     25  296.2  310.7  297.0
  761.0   2379    1.0   -2.7     76   4.14    184     25  296.4  308.9  297.1
  755.4   2438    0.5   -3.4     75   3.95    185     25  296.5  308.5  297.2
  754.0   2453    0.4   -3.6     75   3.91    186     25  296.5  308.4  297.2
  743.0   2571    0.8  -13.2     34   1.87    189     26  298.2  304.2  298.6
  730.0   2713    0.2  -20.8     19   1.00    194     27  299.1  302.4  299.2
  727.3   2743    0.1  -20.9     19   1.00    195     27  299.3  302.6  299.4
  723.0   2790   -0.1  -21.1     19   0.99    195     28  299.6  302.9  299.7
  719.0   2834   -0.5  -14.5     34   1.74    195     29  299.6  305.2  299.9
  700.0   3048   -1.9  -12.9     43   2.03    195     35  300.4  306.9  300.7
  693.0   3128   -2.5  -12.5     46   2.12    194     35  300.6  307.3  300.9
  673.0   3360   -3.9  -16.9     36   1.52    192     37  301.5  306.5  301.8
  647.8   3658   -6.1  -20.6     31   1.15    190     38  302.4  306.2  302.6
  625.0   3939   -8.1  -24.1     26   0.88    195     38  303.1  306.1  303.3
  623.1   3962   -8.2  -24.9     25   0.82    195     38  303.3  306.1  303.4
  613.0   4089   -8.9  -28.9     18   0.58    199     40  303.9  305.9  304.0
  599.0   4267   -9.9  -30.5     17   0.51    205     43  304.8  306.6  304.9
  566.0   4702  -12.3  -34.3     14   0.37    209     66  306.9  308.3  307.0
  556.0   4838  -12.3  -35.3     13   0.34    210     73  308.5  309.7  308.5
  553.2   4877  -12.6  -32.6     17   0.45    210     75  308.6  310.2  308.6
  545.0   4991  -13.5  -24.5     39   0.97    209     76  308.8  312.2  309.0
  532.0   5174  -15.3  -25.3     42   0.92    208     79  308.8  312.0  309.0
  517.0   5389  -16.3  -28.3     35   0.72    207     82  310.1  312.7  310.3
  500.0   5640  -17.7  -27.7     41   0.79    205     85  311.4  314.2  311.6
  491.0   5776  -18.7  -28.7     41   0.73    205     88  311.8  314.4  311.9
  490.0   5791  -18.8  -29.4     39   0.69    205     88  311.9  314.4  312.0
  483.0   5898  -19.1  -34.1     25   0.44    203     89  312.8  314.4  312.9
  477.0   5991  -19.7  -34.7     25   0.42    202     89  313.1  314.7  313.2
  470.3   6096  -19.8  -40.6     14   0.24    200     90  314.3  315.2  314.4
  459.0   6277  -19.9  -50.9      5   0.08    201     92  316.4  316.7  316.4
  448.0   6457  -19.9  -54.9      3   0.05    202     93  318.6  318.8  318.6
  407.0   7164  -23.9  -55.9      4   0.05    204     99  322.2  322.4  322.2
  400.0   7290  -24.9  -55.9      4   0.05    205    100  322.5  322.8  322.6
  382.1   7620  -27.7  -54.8      6   0.06    210    101  323.1  323.3  323.1
  369.0   7870  -29.9  -53.9      8   0.07    210    102  323.4  323.7  323.4
  342.0   8408  -32.3  -62.3      3   0.03    210    106  327.2  327.4  327.3
  307.7   9144  -37.1  -63.9      4   0.02    210    110  330.5  330.6  330.5
  300.0   9320  -38.3  -64.3      5   0.02    215    117  331.3  331.4  331.3
  288.0   9601  -40.3  -64.3      6   0.02    216    128  332.3  332.4  332.3
  273.0   9966  -41.1  -56.1     18   0.07    218    143  336.3  336.6  336.3
  260.0  10297  -43.9  -52.9     36   0.11    220    156  336.9  337.3  336.9
  259.0  10323  -44.1  -53.1     36   0.11    220    157  336.9  337.4  337.0
  257.4  10363  -44.4  -53.4     36   0.10    220    157  337.1  337.5  337.1
  250.0  10560  -45.9  -54.9     35   0.09    220    155  337.7  338.1  337.7
  237.0  10913  -48.9  -56.9     39   0.07    220    152  338.4  338.7  338.4
  234.8  10973  -49.1  -58.8     31   0.06    220    152  338.9  339.1  338.9
  217.0  11488  -51.3  -75.3      4   0.01    225    128  343.3  343.3  343.3
  204.1  11887  -49.9  -79.9      2   0.00    225     98  351.5  351.6  351.5
  204.0  11890  -49.9  -79.9      2   0.00    225     98  351.6  351.6  351.6
  200.0  12020  -47.7  -79.7      1   0.00    225     97  357.1  357.1  357.1
  199.0  12053  -47.3  -80.3      1   0.00    225     96  358.2  358.2  358.2
  191.0  12324  -47.9  -80.9      1   0.00    225     90  361.5  361.5  361.5
  187.0  12463  -48.9  -81.9      1   0.00    225     87  362.1  362.1  362.1
  178.0  12786  -49.3  -82.3      1   0.00    225     80  366.5  366.6  366.5
  177.6  12802  -49.4  -82.4      1   0.00    225     80  366.6  366.6  366.6
  162.0  13396  -53.9  -84.9      1   0.00    228     83  368.8  368.8  368.8
  156.0  13639  -53.1  -84.1      1   0.00    229     85  374.2  374.2  374.2
  150.0  13890  -54.7  -84.7      1   0.00    230     86  375.6  375.6  375.6
  147.0  14019  -55.5  -85.5      1   0.00    231     85  376.4  376.4  376.4
  134.0  14608  -55.7  -85.7      1   0.00    233     81  386.1  386.2  386.1
  128.0  14897  -57.9  -86.9      1   0.00    235     79  387.3  387.3  387.3
  127.2  14935  -57.9  -86.8      1   0.00    235     79  388.0  388.1  388.0
  122.0  15200  -57.5  -86.5      1   0.00    244     69  393.4  393.4  393.4
  121.2  15240  -57.6  -86.5      1   0.00    245     67  393.9  393.9  393.9
  116.0  15517  -58.1  -86.1      2   0.00    245     61  398.0  398.0  398.0
  115.5  15545  -58.2  -86.2      2   0.00    245     60  398.2  398.2  398.2
  110.0  15850  -59.7  -87.7      1   0.00    243     64  401.0  401.1  401.0
  100.0  16440  -62.7  -88.7      2   0.00    240     72  406.3  406.3  406.3
   82.6  17609  -65.5  -89.5      2   0.00    240     55  423.4  423.4  423.4
   80.2  17789  -63.9  -88.9      2   0.00    245     49  430.3  430.3  430.3
   73.9  18289  -64.9  -89.9      2   0.00    260     33  438.4  438.4  438.4
   70.0  18620  -63.7  -88.7      2   0.00    260     29  447.8  447.8  447.8
   69.7  18646  -63.7  -88.7      2   0.00    259     29  448.3  448.3  448.3
   60.5  19507  -67.2  -90.7      2   0.00    225     14  458.9  458.9  458.9
   58.0  19762  -68.3  -91.3      2   0.00    219     18  462.1  462.1  462.1
   56.6  19909  -67.5  -90.5      3   0.00    215     21  467.2  467.2  467.2
   55.3  20050  -64.1  -88.1      2   0.00    212     23  478.1  478.1  478.1
   54.7  20117  -63.7  -88.0      2   0.00    210     24  480.5  480.5  480.5
   53.3  20277  -62.7  -87.7      2   0.00    215     22  486.3  486.4  486.3
   52.1  20422  -63.1  -88.4      2   0.00    220     20  488.8  488.8  488.8
   50.0  20670  -63.7  -89.7      2   0.00    250     17  492.9  493.0  492.9
   49.5  20726  -63.8  -89.8      2   0.00    265     12  494.1  494.1  494.1
   47.1  21031  -64.1  -90.1      2   0.00    315      4  500.3  500.3  500.3
   44.9  21328  -64.5  -90.5      2   0.00    300     13  506.4  506.4  506.4
   44.8  21336  -64.5  -90.5      2   0.00    300     13  506.6  506.6  506.6
   38.9  22208  -62.5  -89.5      2   0.00    311     13  532.6  532.7  532.6
   34.5  22955  -58.7  -87.7      1   0.01    320     13  561.2  561.2  561.2
   30.3  23774  -59.8  -88.8      1   0.00    330     13  579.5  579.5  579.5
   30.0  23830  -59.9  -88.9      1   0.00    350     11  580.8  580.8  580.8
   29.9  23851  -59.9  -88.9      1   0.00    354     11  581.3  581.4  581.3
   27.5  24384  -58.9  -88.9      1   0.01     85      5  598.3  598.4  598.3
   27.4  24398  -58.9  -88.9      1   0.01     84      5  598.8  598.9  598.8
   26.1  24689  -59.7  -89.1      1   0.01     70      4  604.6  604.6  604.6
   23.7  25298  -61.3  -89.5      1   0.01    120     16  616.8  616.9  616.8
   23.5  25358  -61.5  -89.5      1   0.01    123     15  618.1  618.1  618.1
   21.4  25942  -59.5  -88.5      1   0.01    155      6  640.8  640.9  640.8
   20.5  26213  -56.7  -87.2      1   0.01    170      2  657.3  657.4  657.3
   20.2  26307  -55.7  -86.7      1   0.01    200      4  663.0  663.2  663.0
   20.0  26370  -55.9  -86.9      1   0.01    220      5  664.3  664.4  664.3
   18.3  26936  -54.9  -85.9      1   0.01    276      9  684.5  684.7  684.5
   17.8  27127  -55.2  -86.2      1   0.01    295     11  689.5  689.7  689.5
   16.1  27753  -56.1  -87.1      1   0.01    336     14  706.1  706.3  706.1
   15.4  28042  -55.2  -86.7      1   0.01    355     15  718.2  718.4  718.2
   14.7  28346  -54.3  -86.2      1   0.02    355     12  731.1  731.2  731.1
   14.5  28421  -54.1  -86.1      1   0.02    340     12  734.3  734.5  734.3
   14.0  28651  -54.5  -86.2      1   0.02    295     11  740.5  740.7  740.5
   12.8  29219  -55.5  -86.5      1   0.02    248      8  756.1  756.3  756.1
   12.7  29261  -55.2  -86.3      1   0.02    245      8  758.6  758.8  758.6
   12.1  29566  -52.8  -84.7      1   0.03    220     20  777.3  777.6  777.3
   11.4  29967  -49.7  -82.7      1   0.04    255     23  802.3  802.8  802.3
   10.5  30480  -51.1  -83.4      1   0.04    300     26  815.4  815.8  815.4
   10.2  30691  -51.7  -83.7      1   0.04    317     19  820.8  821.3  820.8
   10.1  30785  -51.4  -83.4      1   0.04    325     16  825.3  825.8  825.3
   10.0  30820  -51.3  -83.3      1   0.04    320     15  827.0  827.5  827.0
    9.6  31090  -50.7  -83.7      1   0.04    245     20  839.2  839.7  839.2
    9.6  31085  -50.7  -83.7      1   0.04    246     20  838.9  839.4  839.0
    9.2  31394  -48.7  -82.5      1   0.05    285     32  857.9  858.5  857.9
    8.5  31887  -45.5  -80.5      1   0.07    293     25  888.9  889.9  889.0
    8.3  32004  -45.4  -80.4      1   0.07    295     23  893.6  894.6  893.6
    8.0  32291  -45.3  -80.3      1   0.08                905.2  906.3  905.3
