 1001.0    137   18.0   13.7     76   9.93    255     12  291.1  319.4  292.8
 1000.0    143   18.0   13.0     73   9.49    255     12  291.1  318.2  292.8
  996.0    177   17.4   11.4     68   8.57    244     12  290.9  315.4  292.4
  981.1    305   15.0    9.9     71   7.84    205     13  289.8  312.1  291.1
  971.0    393   13.4    8.8     74   7.37    205     13  289.0  310.0  290.2
  957.0    515   12.4    7.5     72   6.84    205     14  289.2  308.8  290.4
  946.2    610   11.3    7.9     79   7.09    205     14  289.0  309.3  290.2
  945.0    620   11.2    7.9     80   7.12    204     14  289.0  309.3  290.2
  939.0    674   11.2    5.2     67   5.94    202     15  289.5  306.6  290.6
  932.0    736   12.0   -6.0     28   2.63    198     16  290.9  298.9  291.4
  928.0    772   12.4  -11.6     18   1.70    196     17  291.7  297.0  292.0
  925.0    799   12.4  -12.6     16   1.58    195     17  292.0  296.9  292.3
  912.4    914   12.4  -13.4     15   1.49    195     14  293.1  297.9  293.4
  910.0    936   12.4  -13.6     15   1.48    197     14  293.4  298.0  293.6
  879.6   1219   11.0  -12.0     19   1.74    220     12  294.8  300.3  295.1
  850.0   1504    9.6  -10.4     23   2.05    250     11  296.2  302.6  296.6
  846.0   1543    9.2  -10.8     23   1.99    255     11  296.2  302.4  296.5
  817.2   1829    8.5  -15.6     16   1.40    295      8  298.4  303.0  298.7
  811.0   1892    8.4  -16.6     15   1.29    293      8  298.9  303.1  299.1
  787.4   2134    6.8  -18.2     15   1.17    285     10  299.8  303.6  300.0
  767.0   2350    5.4  -19.6     15   1.06    278     14  300.5  304.0  300.7
  758.7   2438    4.6  -19.4     16   1.09    275     16  300.6  304.2  300.8
  742.0   2619    3.0  -19.0     18   1.15    266     15  300.7  304.6  300.9
  730.7   2743    1.7  -10.9     39   2.29    260     15  300.6  307.9  301.0
  730.0   2751    1.6  -10.4     41   2.38    260     15  300.6  308.2  301.0
  723.0   2828    0.8   -5.2     64   3.61    261     16  300.6  311.7  301.2
  715.0   2917    0.0   -5.0     69   3.70    263     17  300.6  312.1  301.3
  711.0   2962   -0.3   -6.3     64   3.37    263     17  300.8  311.3  301.4
  708.0   2996   -0.7   -5.7     69   3.55    264     17  300.7  311.7  301.4
  700.0   3087   -0.7  -16.7     29   1.49    265     18  301.7  306.6  301.9
  697.0   3121   -0.7  -17.7     26   1.37    266     19  302.1  306.6  302.3
  695.0   3144   -0.9  -14.9     34   1.74    266     19  302.1  307.7  302.4
  691.0   3190   -1.5   -6.5     69   3.42    267     20  301.9  312.6  302.5
  689.0   3214   -1.7   -5.9     73   3.59    267     20  301.9  313.1  302.6
  678.0   3342   -2.7  -10.7     54   2.51    270     23  302.2  310.2  302.7
  677.0   3353   -2.8  -10.6     55   2.53    270     23  302.2  310.3  302.7
  667.0   3471   -3.5   -9.5     63   2.80    264     23  302.7  311.6  303.2
  651.3   3658   -5.0  -11.2     62   2.51    255     22  303.1  311.1  303.6
  626.5   3962   -7.3  -14.0     59   2.08    250     25  303.8  310.5  304.2
  605.0   4235   -9.5  -16.5     57   1.75    250     24  304.4  310.1  304.7
  602.5   4267   -9.7  -17.5     53   1.62    250     24  304.5  309.9  304.8
  596.0   4351  -10.1  -20.1     44   1.31    257     26  305.0  309.3  305.2
  591.0   4416  -10.3  -19.3     48   1.41    262     27  305.5  310.2  305.7
  579.2   4572  -10.6  -25.2     29   0.86    275     30  306.9  309.8  307.0
  568.0   4722  -10.9  -30.9     18   0.51    270     33  308.2  310.1  308.4
  556.6   4877  -11.8  -34.3     14   0.38    265     36  309.0  310.4  309.1
  550.0   4969  -12.3  -36.3     12   0.31    266     36  309.4  310.6  309.5
  500.0   5690  -18.3  -38.3     16   0.28    270     39  310.7  311.7  310.7
  473.2   6096  -22.0  -40.9     16   0.23    270     36  311.0  311.8  311.0
  455.0   6384  -24.7  -42.7     17   0.20    270     39  311.1  311.9  311.2
  429.0   6810  -26.5  -47.5     12   0.12    270     44  314.1  314.6  314.1
  405.0   7222  -30.3  -48.3     16   0.12    270     48  314.4  314.9  314.4
  400.0   7310  -30.7  -49.7     14   0.10    270     49  315.0  315.4  315.0
  399.7   7315  -30.7  -49.7     14   0.10    270     49  315.0  315.4  315.0
  382.7   7620  -32.9  -52.4     12   0.08    265     59  316.2  316.5  316.2
  370.0   7857  -34.5  -54.5     11   0.06    265     70  317.1  317.3  317.1
  360.0   8048  -34.9  -59.9      6   0.03    265     79  319.0  319.1  319.0
  350.7   8230  -34.0  -64.4      3   0.02    265     87  322.6  322.7  322.6
  348.0   8285  -33.7  -65.7      2   0.02    265     91  323.7  323.8  323.7
  327.0   8719  -34.3  -65.3      3   0.02    265    119  328.7  328.8  328.7
  322.0   8827  -33.5  -65.5      3   0.02    265    126  331.3  331.4  331.3
  307.7   9144  -34.7  -66.7      2   0.02    265    147  334.0  334.1  334.0
  300.0   9320  -35.3  -67.3      2   0.01    265    158  335.5  335.6  335.5
  298.0   9367  -35.5  -67.5      2   0.01    265    160  335.9  335.9  335.9
  281.7   9754  -37.8  -65.7      4   0.02    265    176  338.0  338.1  338.0
  260.0  10305  -41.1  -63.1      7   0.03    258    180  341.0  341.1  341.0
  252.0  10516  -43.3  -62.9     10   0.03    255    181  340.7  340.9  340.7
  250.0  10570  -43.9  -62.9     10   0.03    255    181  340.7  340.8  340.7
  246.3  10668  -44.8  -63.7     10   0.03    255    181  340.8  340.9  340.8
  216.0  11534  -52.5  -70.5     10   0.01    260    178  341.9  341.9  341.9
  214.4  11582  -52.6  -70.9      9   0.01    260    178  342.4  342.5  342.4
  206.0  11840  -53.3  -73.3      7   0.01    263    162  345.3  345.3  345.3
  200.0  12030  -54.3  -74.3      7   0.01    265    150  346.6  346.7  346.6
  196.0  12159  -55.3  -75.3      7   0.01    265    140  347.0  347.1  347.0
  190.0  12357  -55.7  -76.7      6   0.01    265    124  349.5  349.5  349.5
  185.9  12497  -53.9  -79.0      3   0.00    265    110  354.6  354.6  354.6
  185.0  12528  -53.5  -79.5      3   0.00    265    109  355.7  355.7  355.7
  176.0  12849  -53.3  -82.3      2   0.00    265     99  361.2  361.2  361.2
  168.0  13148  -54.1  -84.1      1   0.00    265     89  364.7  364.7  364.7
  161.2  13411  -55.8  -85.8      1   0.00    265     81  366.1  366.1  366.1
  160.0  13459  -56.1  -86.1      1   0.00    265     81  366.4  366.4  366.4
  150.0  13870  -55.7  -85.7      1   0.00    265     83  373.9  373.9  373.9
  145.0  14086  -55.7  -85.7      1   0.00    263     81  377.5  377.6  377.6
  138.0  14399  -57.3  -86.3      1   0.00    259     77  380.1  380.1  380.1
  132.0  14680  -57.5  -86.5      1   0.00    256     74  384.6  384.6  384.6
  130.0  14777  -56.5  -86.5      1   0.00    255     73  388.1  388.1  388.1
  125.0  15025  -56.3  -86.3      1   0.00    252     70  392.8  392.8  392.8
  120.8  15240  -58.1  -87.7      1   0.00    250     68  393.3  393.3  393.3
  116.0  15495  -60.3  -89.3      1   0.00    251     66  393.9  393.9  393.9
  106.0  16052  -63.7  -90.7      1   0.00    253     62  397.7  397.7  397.7
  100.0  16410  -62.5  -89.5      2   0.00    255     60  406.7  406.7  406.7
   89.8  17069  -64.5  -90.5      2   0.00    250     44  415.5  415.5  415.5
   89.6  17083  -64.5  -90.5      2   0.00    250     44  415.7  415.7  415.7
   80.4  17737  -68.9  -92.9      2   0.00    260     48  419.7  419.7  419.7
   75.6  18107  -66.1  -90.1      2   0.00    263     45  433.0  433.0  433.0
   73.4  18288  -67.2  -90.8      2   0.00    265     43  434.3  434.3  434.3
   71.0  18485  -68.5  -91.5      2   0.00    272     41  435.7  435.8  435.7
   70.0  18570  -68.3  -91.3      2   0.00    275     40  437.9  437.9  437.9
   66.3  18898  -68.3  -91.3      2   0.00    290     39  444.8  444.8  444.8
   65.4  18978  -68.3  -91.3      2   0.00    282     37  446.5  446.5  446.5
   63.0  19202  -66.2  -90.2      2   0.00    260     32  455.9  455.9  455.9
   62.9  19213  -66.1  -90.1      2   0.00    260     32  456.4  456.4  456.4
   59.9  19507  -65.3  -90.1      2   0.00    270     39  464.5  464.5  464.5
   59.2  19582  -65.1  -90.1      2   0.00    274     35  466.6  466.6  466.6
   55.5  19982  -58.9  -87.9      1   0.00    297     16  489.4  489.5  489.4
   54.3  20117  -59.9  -88.4      1   0.00    305     10  490.2  490.2  490.2
   50.4  20581  -63.3  -90.3      1   0.00    255     15  492.8  492.8  492.8
   50.0  20630  -62.9  -89.9      2   0.00    250     15  494.8  494.9  494.8
   49.2  20726  -62.3  -89.5      1   0.00    245     16  498.4  498.5  498.4
   47.0  21014  -60.5  -88.5      1   0.00    297     16  509.4  509.4  509.4
   46.9  21031  -60.5  -88.5      1   0.00    300     16  509.7  509.8  509.7
   44.6  21336  -61.1  -89.1      1   0.00    295     15  515.5  515.5  515.5
   43.2  21538  -61.5  -89.5      1   0.00    285     18  519.4  519.4  519.4
   42.5  21641  -60.7  -89.1      1   0.00    280     20  523.9  523.9  523.9
   41.7  21758  -59.7  -88.7      1   0.00    289     19  529.1  529.1  529.1
   38.5  22250  -60.5  -89.0      1   0.00    325     14  539.1  539.1  539.1
   36.7  22555  -61.0  -89.2      1   0.00    280      6  545.3  545.4  545.3
   35.8  22710  -61.3  -89.3      1   0.00    257     11  548.5  548.6  548.5
   35.0  22860  -60.6  -88.9      1   0.00    235     15  554.0  554.0  554.0
   31.7  23470  -58.0  -87.4      1   0.01    270     17  576.6  576.7  576.6
   30.0  23820  -56.5  -86.5      1   0.01    260     16  590.0  590.1  590.0
   28.8  24079  -55.5  -86.5      1   0.01    255     16  599.7  599.8  599.7
   27.4  24384  -56.2  -86.7      1   0.01    285     14  606.0  606.1  606.0
   26.2  24689  -56.9  -86.9      1   0.01    265     15  612.5  612.6  612.5
   26.2  24679  -56.9  -86.9      1   0.01    266     15  612.2  612.2  612.2
   24.9  24994  -55.8  -85.8      1   0.01    270     23  624.0  624.1  624.0
   24.8  25027  -55.7  -85.7      1   0.01    272     22  625.3  625.4  625.3
   23.8  25298  -56.6  -86.6      1   0.01    290     12  630.3  630.4  630.3
   22.8  25559  -57.5  -87.5      1   0.01    243     11  635.2  635.3  635.2
   22.6  25603  -57.4  -87.4      1   0.01    235     11  636.9  636.9  636.9
   20.0  26390  -54.9  -85.9      1   0.01    220     18  667.4  667.5  667.4
   19.8  26454  -54.5  -85.5      1   0.01    220     18  670.5  670.7  670.5
   19.6  26518  -54.5  -85.5      1   0.01    220     17  672.5  672.6  672.5
   18.7  26822  -54.4  -85.4      1   0.01    245     22  681.9  682.0  681.9
   17.1  27393  -54.3  -85.3      1   0.02    250     30  699.9  700.0  699.9
   17.0  27432  -54.1  -85.2      1   0.02    250     31  701.7  701.9  701.7
   16.2  27737  -52.5  -84.1      1   0.02    265     40  716.3  716.5  716.3
   15.6  27984  -51.3  -83.3      1   0.02    277     35  728.3  728.6  728.3
   15.5  28042  -51.5  -83.4      1   0.02    280     34  729.6  729.9  729.6
   14.3  28547  -52.9  -83.9      1   0.02    266     30  741.2  741.5  741.3
   13.6  28873  -50.1  -83.1      1   0.03    257     27  761.5  761.9  761.5
   13.4  28956  -50.3  -83.0      1   0.03    255     26  763.6  764.0  763.6
   12.9  29217  -50.9  -82.9      1   0.03    251     30  770.3  770.7  770.3
   11.3  30085  -47.5  -81.5      1   0.05    236     43  812.3  812.8  812.3
   11.2  30175  -47.8  -81.6      1   0.05    235     44  814.5  815.1  814.5
   10.6  30480  -48.6  -81.8      1   0.05    265     41  822.1  822.7  822.2
   10.5  30568  -48.9  -81.9      1   0.05    265     40  824.3  824.9  824.4
   10.0  30890  -46.1  -81.1      1   0.06    265     34  846.4  847.1  846.4
    9.7  31093  -44.7  -79.7      1   0.07    271     35  859.0  859.9  859.0
    9.3  31394  -45.5  -80.1      1   0.07    280     36  867.3  868.2  867.4
    8.6  31894  -46.7  -80.7      1   0.07                881.3  882.2  881.3
